P,2937
