Time,DER701_mag,DER701_loc
1672531200,0,trip_load_652_a_h_30
1672531260,0,trip_load_652_a_h_30
1672531320,0,trip_load_652_a_h_30
1672531380,0,trip_load_652_a_h_30
1672531440,0,trip_load_652_a_h_30
1672531500,0,trip_load_652_a_h_30
1672531560,0,trip_load_652_a_h_30
1672531620,0,trip_load_652_a_h_30
1672531680,0,trip_load_652_a_h_30
1672531740,0,trip_load_652_a_h_30
1672531800,0,trip_load_652_a_h_30
1672531860,4529,trip_load_652_a_h_30
1672531920,4529,trip_load_652_a_h_30
1672531980,4529,trip_load_652_a_h_30
1672532040,4529,trip_load_652_a_h_30
1672532100,4524,trip_load_652_a_h_30
1672532160,4531,trip_load_652_a_h_30
1672532220,4527,trip_load_652_a_h_30
1672532280,0,trip_load_652_a_h_30
1672532340,0,trip_load_652_a_h_30
1672532400,0,trip_load_652_a_h_30
1672532460,0,trip_load_652_a_h_30
1672532520,0,trip_load_652_a_h_30
1672532580,0,trip_load_652_a_h_30
1672532640,0,trip_load_652_a_h_30
1672532700,0,trip_load_652_a_h_30
1672532760,0,trip_load_652_a_h_30
1672532820,0,trip_load_652_a_h_30
1672532880,0,trip_load_652_a_h_30
1672532940,0,trip_load_652_a_h_30
1672533000,0,trip_load_652_a_h_30
1672533060,0,trip_load_652_a_h_30
1672533120,0,trip_load_652_a_h_30
1672533180,0,trip_load_652_a_h_30
1672533240,0,trip_load_652_a_h_30
1672533300,0,trip_load_652_a_h_30
1672533360,0,trip_load_652_a_h_30
1672533420,0,trip_load_652_a_h_30
1672533480,0,trip_load_652_a_h_30
1672533540,0,trip_load_652_a_h_30
1672533600,0,trip_load_652_a_h_30
1672533660,0,trip_load_652_a_h_30
1672533720,0,trip_load_652_a_h_30
1672533780,4528,trip_load_652_a_h_30
1672533840,4528,trip_load_652_a_h_30
1672533900,4525,trip_load_652_a_h_30
1672533960,4524,trip_load_652_a_h_30
1672534020,4524,trip_load_652_a_h_30
1672534080,4523,trip_load_652_a_h_30
1672534140,4523,trip_load_652_a_h_30
1672534200,4530,trip_load_652_a_h_30
1672534260,4531,trip_load_652_a_h_30
1672534320,4530,trip_load_652_a_h_30
1672534380,4531,trip_load_652_a_h_30
1672534440,4531,trip_load_652_a_h_30
1672534500,4528,trip_load_652_a_h_30
1672534560,4529,trip_load_652_a_h_30
1672534620,4528,trip_load_652_a_h_30
1672534680,4527,trip_load_652_a_h_30
1672534740,4528,trip_load_652_a_h_30
1672534800,4528,trip_load_652_a_h_30
1672534860,4529,trip_load_652_a_h_30
1672534920,4529,trip_load_652_a_h_30
1672534980,4528,trip_load_652_a_h_30
1672535040,4532,trip_load_652_a_h_30
1672535100,4532,trip_load_652_a_h_30
1672535160,4532,trip_load_652_a_h_30
1672535220,4532,trip_load_652_a_h_30
1672535280,4532,trip_load_652_a_h_30
1672535340,4531,trip_load_652_a_h_30
1672535400,4531,trip_load_652_a_h_30
1672535460,0,trip_load_652_a_h_30
1672535520,0,trip_load_652_a_h_30
1672535580,0,trip_load_652_a_h_30
1672535640,0,trip_load_652_a_h_30
1672535700,0,trip_load_652_a_h_30
1672535760,0,trip_load_652_a_h_30
1672535820,0,trip_load_652_a_h_30
1672535880,0,trip_load_652_a_h_30
1672535940,0,trip_load_652_a_h_30
1672536000,0,trip_load_652_a_h_30
1672536060,0,trip_load_652_a_h_30
1672536120,0,trip_load_652_a_h_30
1672536180,0,trip_load_652_a_h_30
1672536240,0,trip_load_652_a_h_30
1672536300,0,trip_load_652_a_h_30
1672536360,0,trip_load_652_a_h_30
1672536420,0,trip_load_652_a_h_30
1672536480,0,trip_load_652_a_h_30
1672536540,0,trip_load_652_a_h_30
1672536600,0,trip_load_652_a_h_30
1672536660,0,trip_load_652_a_h_30
1672536720,0,trip_load_652_a_h_30
1672536780,0,trip_load_652_a_h_30
1672536840,0,trip_load_652_a_h_30
1672536900,0,trip_load_652_a_h_30
1672536960,0,trip_load_652_a_h_30
1672537020,0,trip_load_652_a_h_30
1672537080,0,trip_load_652_a_h_30
1672537140,0,trip_load_652_a_h_30
1672537200,0,trip_load_652_a_h_30
1672537260,0,trip_load_652_a_h_30
1672537320,0,trip_load_652_a_h_30
1672537380,0,trip_load_652_a_h_30
1672537440,0,trip_load_652_a_h_30
1672537500,0,trip_load_652_a_h_30
1672537560,0,trip_load_652_a_h_30
1672537620,0,trip_load_652_a_h_30
1672537680,0,trip_load_652_a_h_30
1672537740,0,trip_load_652_a_h_30
1672537800,0,trip_load_652_a_h_30
1672537860,0,trip_load_652_a_h_30
1672537920,0,trip_load_652_a_h_30
1672537980,0,trip_load_652_a_h_30
1672538040,0,trip_load_652_a_h_30
1672538100,0,trip_load_652_a_h_30
1672538160,0,trip_load_652_a_h_30
1672538220,0,trip_load_652_a_h_30
1672538280,0,trip_load_652_a_h_30
1672538340,0,trip_load_652_a_h_30
1672538400,0,trip_load_652_a_h_30
1672538460,0,trip_load_652_a_h_30
1672538520,0,trip_load_652_a_h_30
1672538580,0,trip_load_652_a_h_30
1672538640,0,trip_load_652_a_h_30
1672538700,0,trip_load_652_a_h_30
1672538760,4533,trip_load_652_a_h_30
1672538820,4532,trip_load_652_a_h_30
1672538880,4531,trip_load_652_a_h_30
1672538940,4527,trip_load_652_a_h_30
1672539000,4529,trip_load_652_a_h_30
1672539060,4529,trip_load_652_a_h_30
1672539120,4530,trip_load_652_a_h_30
1672539180,0,trip_load_652_a_h_30
1672539240,0,trip_load_652_a_h_30
1672539300,0,trip_load_652_a_h_30
1672539360,0,trip_load_652_a_h_30
1672539420,0,trip_load_652_a_h_30
1672539480,0,trip_load_652_a_h_30
1672539540,0,trip_load_652_a_h_30
1672539600,0,trip_load_652_a_h_30
1672539660,0,trip_load_652_a_h_30
1672539720,0,trip_load_652_a_h_30
1672539780,0,trip_load_652_a_h_30
1672539840,0,trip_load_652_a_h_30
1672539900,0,trip_load_652_a_h_30
1672539960,0,trip_load_652_a_h_30
1672540020,0,trip_load_652_a_h_30
1672540080,0,trip_load_652_a_h_30
1672540140,0,trip_load_652_a_h_30
1672540200,0,trip_load_652_a_h_30
1672540260,0,trip_load_652_a_h_30
1672540320,0,trip_load_652_a_h_30
1672540380,0,trip_load_652_a_h_30
1672540440,0,trip_load_652_a_h_30
1672540500,0,trip_load_652_a_h_30
1672540560,0,trip_load_652_a_h_30
1672540620,0,trip_load_652_a_h_30
1672540680,0,trip_load_652_a_h_30
1672540740,0,trip_load_652_a_h_30
1672540800,0,trip_load_652_a_h_30
1672540860,0,trip_load_652_a_h_30
1672540920,0,trip_load_652_a_h_30
1672540980,0,trip_load_652_a_h_30
1672541040,0,trip_load_652_a_h_30
1672541100,0,trip_load_652_a_h_30
1672541160,0,trip_load_652_a_h_30
1672541220,0,trip_load_652_a_h_30
1672541280,0,trip_load_652_a_h_30
1672541340,0,trip_load_652_a_h_30
1672541400,0,trip_load_652_a_h_30
1672541460,0,trip_load_652_a_h_30
1672541520,0,trip_load_652_a_h_30
1672541580,0,trip_load_652_a_h_30
1672541640,0,trip_load_652_a_h_30
1672541700,0,trip_load_652_a_h_30
1672541760,0,trip_load_652_a_h_30
1672541820,0,trip_load_652_a_h_30
1672541880,0,trip_load_652_a_h_30
1672541940,0,trip_load_652_a_h_30
1672542000,0,trip_load_652_a_h_30
1672542060,0,trip_load_652_a_h_30
1672542120,0,trip_load_652_a_h_30
1672542180,4524,trip_load_652_a_h_30
1672542240,4524,trip_load_652_a_h_30
1672542300,4524,trip_load_652_a_h_30
1672542360,4527,trip_load_652_a_h_30
1672542420,4527,trip_load_652_a_h_30
1672542480,4527,trip_load_652_a_h_30
1672542540,4526,trip_load_652_a_h_30
1672542600,4522,trip_load_652_a_h_30
1672542660,4525,trip_load_652_a_h_30
1672542720,4522,trip_load_652_a_h_30
1672542780,4522,trip_load_652_a_h_30
1672542840,4521,trip_load_652_a_h_30
1672542900,4524,trip_load_652_a_h_30
1672542960,4524,trip_load_652_a_h_30
1672543020,4524,trip_load_652_a_h_30
1672543080,4522,trip_load_652_a_h_30
1672543140,4522,trip_load_652_a_h_30
1672543200,0,trip_load_652_a_h_30
1672543260,0,trip_load_652_a_h_30
1672543320,0,trip_load_652_a_h_30
1672543380,0,trip_load_652_a_h_30
1672543440,0,trip_load_652_a_h_30
1672543500,4527,trip_load_652_a_h_30
1672543560,4530,trip_load_652_a_h_30
1672543620,4530,trip_load_652_a_h_30
1672543680,4531,trip_load_652_a_h_30
1672543740,4531,trip_load_652_a_h_30
1672543800,4531,trip_load_652_a_h_30
1672543860,0,trip_load_652_a_h_30
1672543920,0,trip_load_652_a_h_30
1672543980,0,trip_load_652_a_h_30
1672544040,0,trip_load_652_a_h_30
1672544100,0,trip_load_652_a_h_30
1672544160,0,trip_load_652_a_h_30
1672544220,0,trip_load_652_a_h_30
1672544280,0,trip_load_652_a_h_30
1672544340,0,trip_load_652_a_h_30
1672544400,0,trip_load_652_a_h_30
1672544460,0,trip_load_652_a_h_30
1672544520,0,trip_load_652_a_h_30
1672544580,0,trip_load_652_a_h_30
1672544640,0,trip_load_652_a_h_30
1672544700,0,trip_load_652_a_h_30
1672544760,0,trip_load_652_a_h_30
1672544820,0,trip_load_652_a_h_30
1672544880,0,trip_load_652_a_h_30
1672544940,0,trip_load_652_a_h_30
1672545000,0,trip_load_652_a_h_30
1672545060,0,trip_load_652_a_h_30
1672545120,0,trip_load_652_a_h_30
1672545180,0,trip_load_652_a_h_30
1672545240,0,trip_load_652_a_h_30
1672545300,0,trip_load_652_a_h_30
1672545360,0,trip_load_652_a_h_30
1672545420,0,trip_load_652_a_h_30
1672545480,0,trip_load_652_a_h_30
1672545540,0,trip_load_652_a_h_30
1672545600,0,trip_load_652_a_h_30
1672545660,0,trip_load_652_a_h_30
1672545720,0,trip_load_652_a_h_30
1672545780,0,trip_load_652_a_h_30
1672545840,0,trip_load_652_a_h_30
1672545900,0,trip_load_652_a_h_30
1672545960,0,trip_load_652_a_h_30
1672546020,0,trip_load_652_a_h_30
1672546080,0,trip_load_652_a_h_30
1672546140,0,trip_load_652_a_h_30
1672546200,0,trip_load_652_a_h_30
1672546260,0,trip_load_652_a_h_30
1672546320,0,trip_load_652_a_h_30
1672546380,0,trip_load_652_a_h_30
1672546440,0,trip_load_652_a_h_30
1672546500,0,trip_load_652_a_h_30
1672546560,4530,trip_load_652_a_h_30
1672546620,4530,trip_load_652_a_h_30
1672546680,4531,trip_load_652_a_h_30
1672546740,4531,trip_load_652_a_h_30
1672546800,4532,trip_load_652_a_h_30
1672546860,4532,trip_load_652_a_h_30
1672546920,4532,trip_load_652_a_h_30
1672546980,4531,trip_load_652_a_h_30
1672547040,4531,trip_load_652_a_h_30
1672547100,4528,trip_load_652_a_h_30
1672547160,4529,trip_load_652_a_h_30
1672547220,4529,trip_load_652_a_h_30
1672547280,4528,trip_load_652_a_h_30
1672547340,4528,trip_load_652_a_h_30
1672547400,4528,trip_load_652_a_h_30
1672547460,4527,trip_load_652_a_h_30
1672547520,4527,trip_load_652_a_h_30
1672547580,4528,trip_load_652_a_h_30
1672547640,4527,trip_load_652_a_h_30
1672547700,4523,trip_load_652_a_h_30
1672547760,0,trip_load_652_a_h_30
1672547820,0,trip_load_652_a_h_30
1672547880,0,trip_load_652_a_h_30
1672547940,0,trip_load_652_a_h_30
1672548000,0,trip_load_652_a_h_30
1672548060,4528,trip_load_652_a_h_30
1672548120,4528,trip_load_652_a_h_30
1672548180,4525,trip_load_652_a_h_30
1672548240,4521,trip_load_652_a_h_30
1672548300,0,trip_load_652_a_h_30
1672548360,4522,trip_load_652_a_h_30
1672548420,4522,trip_load_652_a_h_30
1672548480,4522,trip_load_652_a_h_30
1672548540,4522,trip_load_652_a_h_30
1672548600,4524,trip_load_652_a_h_30
1672548660,4522,trip_load_652_a_h_30
1672548720,4521,trip_load_652_a_h_30
1672548780,4521,trip_load_652_a_h_30
1672548840,4521,trip_load_652_a_h_30
1672548900,4521,trip_load_652_a_h_30
1672548960,4521,trip_load_652_a_h_30
1672549020,4522,trip_load_652_a_h_30
1672549080,4522,trip_load_652_a_h_30
1672549140,4521,trip_load_652_a_h_30
1672549200,0,trip_load_652_a_h_30
1672549260,0,trip_load_652_a_h_30
1672549320,0,trip_load_652_a_h_30
1672549380,0,trip_load_652_a_h_30
1672549440,0,trip_load_652_a_h_30
1672549500,0,trip_load_652_a_h_30
1672549560,0,trip_load_652_a_h_30
1672549620,0,trip_load_652_a_h_30
1672549680,0,trip_load_652_a_h_30
1672549740,0,trip_load_652_a_h_30
1672549800,0,trip_load_652_a_h_30
1672549860,0,trip_load_652_a_h_30
1672549920,0,trip_load_652_a_h_30
1672549980,0,trip_load_652_a_h_30
1672550040,0,trip_load_652_a_h_30
1672550100,0,trip_load_652_a_h_30
1672550160,0,trip_load_652_a_h_30
1672550220,0,trip_load_652_a_h_30
1672550280,4526,trip_load_652_a_h_30
1672550340,4530,trip_load_652_a_h_30
1672550400,4526,trip_load_652_a_h_30
1672550460,4529,trip_load_652_a_h_30
1672550520,4530,trip_load_652_a_h_30
1672550580,0,trip_load_652_a_h_30
1672550640,0,trip_load_652_a_h_30
1672550700,0,trip_load_652_a_h_30
1672550760,0,trip_load_652_a_h_30
1672550820,0,trip_load_652_a_h_30
1672550880,0,trip_load_652_a_h_30
1672550940,0,trip_load_652_a_h_30
1672551000,0,trip_load_652_a_h_30
1672551060,0,trip_load_652_a_h_30
1672551120,0,trip_load_652_a_h_30
1672551180,0,trip_load_652_a_h_30
1672551240,0,trip_load_652_a_h_30
1672551300,0,trip_load_652_a_h_30
1672551360,0,trip_load_652_a_h_30
1672551420,4526,trip_load_652_a_h_30
1672551480,4528,trip_load_652_a_h_30
1672551540,4524,trip_load_652_a_h_30
1672551600,0,trip_load_652_a_h_30
1672551660,0,trip_load_652_a_h_30
1672551720,0,trip_load_652_a_h_30
1672551780,0,trip_load_652_a_h_30
1672551840,0,trip_load_652_a_h_30
1672551900,0,trip_load_652_a_h_30
1672551960,0,trip_load_652_a_h_30
1672552020,0,trip_load_652_a_h_30
1672552080,0,trip_load_652_a_h_30
1672552140,0,trip_load_652_a_h_30
1672552200,0,trip_load_652_a_h_30
1672552260,0,trip_load_652_a_h_30
1672552320,0,trip_load_652_a_h_30
1672552380,0,trip_load_652_a_h_30
1672552440,0,trip_load_652_a_h_30
1672552500,0,trip_load_652_a_h_30
1672552560,0,trip_load_652_a_h_30
1672552620,0,trip_load_652_a_h_30
1672552680,0,trip_load_652_a_h_30
1672552740,0,trip_load_652_a_h_30
1672552800,0,trip_load_652_a_h_30
1672552860,0,trip_load_652_a_h_30
1672552920,0,trip_load_652_a_h_30
1672552980,0,trip_load_652_a_h_30
1672553040,0,trip_load_652_a_h_30
1672553100,0,trip_load_652_a_h_30
1672553160,0,trip_load_652_a_h_30
1672553220,0,trip_load_652_a_h_30
1672553280,0,trip_load_652_a_h_30
1672553340,0,trip_load_652_a_h_30
1672553400,0,trip_load_652_a_h_30
1672553460,0,trip_load_652_a_h_30
1672553520,0,trip_load_652_a_h_30
1672553580,0,trip_load_652_a_h_30
1672553640,0,trip_load_652_a_h_30
1672553700,0,trip_load_652_a_h_30
1672553760,0,trip_load_652_a_h_30
1672553820,0,trip_load_652_a_h_30
1672553880,0,trip_load_652_a_h_30
1672553940,0,trip_load_652_a_h_30
1672554000,4525,trip_load_652_a_h_30
1672554060,4522,trip_load_652_a_h_30
1672554120,4522,trip_load_652_a_h_30
1672554180,4525,trip_load_652_a_h_30
1672554240,4523,trip_load_652_a_h_30
1672554300,4522,trip_load_652_a_h_30
1672554360,4523,trip_load_652_a_h_30
1672554420,4523,trip_load_652_a_h_30
1672554480,4523,trip_load_652_a_h_30
1672554540,4523,trip_load_652_a_h_30
1672554600,4523,trip_load_652_a_h_30
1672554660,0,trip_load_652_a_h_30
1672554720,0,trip_load_652_a_h_30
1672554780,0,trip_load_652_a_h_30
1672554840,0,trip_load_652_a_h_30
1672554900,0,trip_load_652_a_h_30
1672554960,0,trip_load_652_a_h_30
1672555020,0,trip_load_652_a_h_30
1672555080,0,trip_load_652_a_h_30
1672555140,0,trip_load_652_a_h_30
1672555200,0,trip_load_652_a_h_30
1672555260,0,trip_load_652_a_h_30
1672555320,0,trip_load_652_a_h_30
1672555380,0,trip_load_652_a_h_30
1672555440,0,trip_load_652_a_h_30
1672555500,0,trip_load_652_a_h_30
1672555560,0,trip_load_652_a_h_30
1672555620,0,trip_load_652_a_h_30
1672555680,0,trip_load_652_a_h_30
1672555740,0,trip_load_652_a_h_30
1672555800,0,trip_load_652_a_h_30
1672555860,0,trip_load_652_a_h_30
1672555920,0,trip_load_652_a_h_30
1672555980,0,trip_load_652_a_h_30
1672556040,0,trip_load_652_a_h_30
1672556100,0,trip_load_652_a_h_30
1672556160,0,trip_load_652_a_h_30
1672556220,0,trip_load_652_a_h_30
1672556280,0,trip_load_652_a_h_30
1672556340,0,trip_load_652_a_h_30
1672556400,0,trip_load_652_a_h_30
1672556460,0,trip_load_652_a_h_30
1672556520,0,trip_load_652_a_h_30
1672556580,0,trip_load_652_a_h_30
1672556640,0,trip_load_652_a_h_30
1672556700,0,trip_load_652_a_h_30
1672556760,0,trip_load_652_a_h_30
1672556820,0,trip_load_652_a_h_30
1672556880,0,trip_load_652_a_h_30
1672556940,0,trip_load_652_a_h_30
1672557000,0,trip_load_652_a_h_30
1672557060,0,trip_load_652_a_h_30
1672557120,0,trip_load_652_a_h_30
1672557180,0,trip_load_652_a_h_30
1672557240,0,trip_load_652_a_h_30
1672557300,0,trip_load_652_a_h_30
1672557360,0,trip_load_652_a_h_30
1672557420,0,trip_load_652_a_h_30
1672557480,0,trip_load_652_a_h_30
1672557540,0,trip_load_652_a_h_30
1672557600,0,trip_load_652_a_h_30
1672557660,4529,trip_load_652_a_h_30
1672557720,4530,trip_load_652_a_h_30
1672557780,4530,trip_load_652_a_h_30
1672557840,0,trip_load_652_a_h_30
1672557900,0,trip_load_652_a_h_30
1672557960,0,trip_load_652_a_h_30
1672558020,0,trip_load_652_a_h_30
1672558080,0,trip_load_652_a_h_30
1672558140,0,trip_load_652_a_h_30
1672558200,0,trip_load_652_a_h_30
1672558260,0,trip_load_652_a_h_30
1672558320,0,trip_load_652_a_h_30
1672558380,0,trip_load_652_a_h_30
1672558440,0,trip_load_652_a_h_30
1672558500,0,trip_load_652_a_h_30
1672558560,0,trip_load_652_a_h_30
1672558620,0,trip_load_652_a_h_30
1672558680,0,trip_load_652_a_h_30
1672558740,0,trip_load_652_a_h_30
1672558800,0,trip_load_652_a_h_30
1672558860,0,trip_load_652_a_h_30
1672558920,0,trip_load_652_a_h_30
1672558980,0,trip_load_652_a_h_30
1672559040,0,trip_load_652_a_h_30
1672559100,0,trip_load_652_a_h_30
1672559160,0,trip_load_652_a_h_30
1672559220,0,trip_load_652_a_h_30
1672559280,0,trip_load_652_a_h_30
1672559340,0,trip_load_652_a_h_30
1672559400,0,trip_load_652_a_h_30
1672559460,0,trip_load_652_a_h_30
1672559520,0,trip_load_652_a_h_30
1672559580,0,trip_load_652_a_h_30
1672559640,0,trip_load_652_a_h_30
1672559700,0,trip_load_652_a_h_30
1672559760,0,trip_load_652_a_h_30
1672559820,0,trip_load_652_a_h_30
1672559880,0,trip_load_652_a_h_30
1672559940,0,trip_load_652_a_h_30
1672560000,0,trip_load_652_a_h_30
1672560060,4525,trip_load_652_a_h_30
1672560120,4525,trip_load_652_a_h_30
1672560180,4524,trip_load_652_a_h_30
1672560240,4527,trip_load_652_a_h_30
1672560300,4527,trip_load_652_a_h_30
1672560360,4529,trip_load_652_a_h_30
1672560420,4528,trip_load_652_a_h_30
1672560480,4527,trip_load_652_a_h_30
1672560540,4530,trip_load_652_a_h_30
1672560600,4531,trip_load_652_a_h_30
1672560660,4528,trip_load_652_a_h_30
1672560720,4529,trip_load_652_a_h_30
1672560780,4529,trip_load_652_a_h_30
1672560840,4529,trip_load_652_a_h_30
1672560900,4529,trip_load_652_a_h_30
1672560960,4529,trip_load_652_a_h_30
1672561020,4529,trip_load_652_a_h_30
1672561080,4529,trip_load_652_a_h_30
1672561140,4532,trip_load_652_a_h_30
1672561200,4531,trip_load_652_a_h_30
1672561260,4532,trip_load_652_a_h_30
1672561320,4531,trip_load_652_a_h_30
1672561380,4534,trip_load_652_a_h_30
1672561440,4534,trip_load_652_a_h_30
1672561500,0,trip_load_652_a_h_30
1672561560,0,trip_load_652_a_h_30
1672561620,0,trip_load_652_a_h_30
1672561680,0,trip_load_652_a_h_30
1672561740,0,trip_load_652_a_h_30
1672561800,0,trip_load_652_a_h_30
1672561860,0,trip_load_652_a_h_30
1672561920,0,trip_load_652_a_h_30
1672561980,0,trip_load_652_a_h_30
1672562040,0,trip_load_652_a_h_30
1672562100,0,trip_load_652_a_h_30
1672562160,0,trip_load_652_a_h_30
1672562220,0,trip_load_652_a_h_30
1672562280,0,trip_load_652_a_h_30
1672562340,0,trip_load_652_a_h_30
1672562400,0,trip_load_652_a_h_30
1672562460,0,trip_load_652_a_h_30
1672562520,0,trip_load_652_a_h_30
1672562580,0,trip_load_652_a_h_30
1672562640,0,trip_load_652_a_h_30
1672562700,0,trip_load_652_a_h_30
1672562760,0,trip_load_652_a_h_30
1672562820,0,trip_load_652_a_h_30
1672562880,0,trip_load_652_a_h_30
1672562940,0,trip_load_652_a_h_30
1672563000,0,trip_load_652_a_h_30
1672563060,0,trip_load_652_a_h_30
1672563120,0,trip_load_652_a_h_30
1672563180,0,trip_load_652_a_h_30
1672563240,0,trip_load_652_a_h_30
1672563300,0,trip_load_652_a_h_30
1672563360,0,trip_load_652_a_h_30
1672563420,0,trip_load_652_a_h_30
1672563480,0,trip_load_652_a_h_30
1672563540,0,trip_load_652_a_h_30
1672563600,0,trip_load_652_a_h_30
1672563660,0,trip_load_652_a_h_30
1672563720,0,trip_load_652_a_h_30
1672563780,0,trip_load_652_a_h_30
1672563840,0,trip_load_652_a_h_30
1672563900,0,trip_load_652_a_h_30
1672563960,0,trip_load_652_a_h_30
1672564020,0,trip_load_652_a_h_30
1672564080,4530,trip_load_652_a_h_30
1672564140,4532,trip_load_652_a_h_30
1672564200,4532,trip_load_652_a_h_30
1672564260,4532,trip_load_652_a_h_30
1672564320,4532,trip_load_652_a_h_30
1672564380,0,trip_load_652_a_h_30
1672564440,0,trip_load_652_a_h_30
1672564500,0,trip_load_652_a_h_30
1672564560,0,trip_load_652_a_h_30
1672564620,4530,trip_load_652_a_h_30
1672564680,4530,trip_load_652_a_h_30
1672564740,0,trip_load_652_a_h_30
1672564800,0,trip_load_652_a_h_30
1672564860,0,trip_load_652_a_h_30
1672564920,0,trip_load_652_a_h_30
1672564980,0,trip_load_652_a_h_30
1672565040,0,trip_load_652_a_h_30
1672565100,0,trip_load_652_a_h_30
1672565160,0,trip_load_652_a_h_30
1672565220,0,trip_load_652_a_h_30
1672565280,0,trip_load_652_a_h_30
1672565340,0,trip_load_652_a_h_30
1672565400,0,trip_load_652_a_h_30
1672565460,0,trip_load_652_a_h_30
1672565520,0,trip_load_652_a_h_30
1672565580,0,trip_load_652_a_h_30
1672565640,0,trip_load_652_a_h_30
1672565700,0,trip_load_652_a_h_30
1672565760,0,trip_load_652_a_h_30
1672565820,0,trip_load_652_a_h_30
1672565880,0,trip_load_652_a_h_30
1672565940,0,trip_load_652_a_h_30
1672566000,0,trip_load_652_a_h_30
1672566060,0,trip_load_652_a_h_30
1672566120,0,trip_load_652_a_h_30
1672566180,4526,trip_load_652_a_h_30
1672566240,4526,trip_load_652_a_h_30
1672566300,4527,trip_load_652_a_h_30
1672566360,0,trip_load_652_a_h_30
1672566420,0,trip_load_652_a_h_30
1672566480,0,trip_load_652_a_h_30
1672566540,0,trip_load_652_a_h_30
1672566600,0,trip_load_652_a_h_30
1672566660,0,trip_load_652_a_h_30
1672566720,0,trip_load_652_a_h_30
1672566780,0,trip_load_652_a_h_30
1672566840,0,trip_load_652_a_h_30
1672566900,0,trip_load_652_a_h_30
1672566960,0,trip_load_652_a_h_30
1672567020,0,trip_load_652_a_h_30
1672567080,0,trip_load_652_a_h_30
1672567140,0,trip_load_652_a_h_30
1672567200,0,trip_load_652_a_h_30
1672567260,0,trip_load_652_a_h_30
1672567320,0,trip_load_652_a_h_30
1672567380,0,trip_load_652_a_h_30
1672567440,0,trip_load_652_a_h_30
1672567500,0,trip_load_652_a_h_30
1672567560,0,trip_load_652_a_h_30
1672567620,0,trip_load_652_a_h_30
1672567680,0,trip_load_652_a_h_30
1672567740,0,trip_load_652_a_h_30
1672567800,0,trip_load_652_a_h_30
1672567860,0,trip_load_652_a_h_30
1672567920,0,trip_load_652_a_h_30
1672567980,0,trip_load_652_a_h_30
1672568040,0,trip_load_652_a_h_30
1672568100,0,trip_load_652_a_h_30
1672568160,0,trip_load_652_a_h_30
1672568220,0,trip_load_652_a_h_30
1672568280,0,trip_load_652_a_h_30
1672568340,0,trip_load_652_a_h_30
1672568400,0,trip_load_652_a_h_30
1672568460,0,trip_load_652_a_h_30
1672568520,0,trip_load_652_a_h_30
1672568580,0,trip_load_652_a_h_30
1672568640,0,trip_load_652_a_h_30
1672568700,0,trip_load_652_a_h_30
1672568760,0,trip_load_652_a_h_30
1672568820,0,trip_load_652_a_h_30
1672568880,0,trip_load_652_a_h_30
1672568940,0,trip_load_652_a_h_30
1672569000,0,trip_load_652_a_h_30
1672569060,0,trip_load_652_a_h_30
1672569120,0,trip_load_652_a_h_30
1672569180,0,trip_load_652_a_h_30
1672569240,0,trip_load_652_a_h_30
1672569300,0,trip_load_652_a_h_30
1672569360,0,trip_load_652_a_h_30
1672569420,0,trip_load_652_a_h_30
1672569480,0,trip_load_652_a_h_30
1672569540,0,trip_load_652_a_h_30
1672569600,0,trip_load_652_a_h_30
1672569660,0,trip_load_652_a_h_30
1672569720,0,trip_load_652_a_h_30
1672569780,0,trip_load_652_a_h_30
1672569840,0,trip_load_652_a_h_30
1672569900,0,trip_load_652_a_h_30
1672569960,0,trip_load_652_a_h_30
1672570020,0,trip_load_652_a_h_30
1672570080,0,trip_load_652_a_h_30
1672570140,0,trip_load_652_a_h_30
1672570200,0,trip_load_652_a_h_30
1672570260,0,trip_load_652_a_h_30
1672570320,0,trip_load_652_a_h_30
1672570380,0,trip_load_652_a_h_30
1672570440,0,trip_load_652_a_h_30
1672570500,0,trip_load_652_a_h_30
1672570560,0,trip_load_652_a_h_30
1672570620,0,trip_load_652_a_h_30
1672570680,0,trip_load_652_a_h_30
1672570740,0,trip_load_652_a_h_30
1672570800,0,trip_load_652_a_h_30
1672570860,0,trip_load_652_a_h_30
1672570920,0,trip_load_652_a_h_30
1672570980,0,trip_load_652_a_h_30
1672571040,0,trip_load_652_a_h_30
1672571100,0,trip_load_652_a_h_30
1672571160,0,trip_load_652_a_h_30
1672571220,0,trip_load_652_a_h_30
1672571280,0,trip_load_652_a_h_30
1672571340,0,trip_load_652_a_h_30
1672571400,0,trip_load_652_a_h_30
1672571460,0,trip_load_652_a_h_30
1672571520,0,trip_load_652_a_h_30
1672571580,0,trip_load_652_a_h_30
1672571640,0,trip_load_652_a_h_30
1672571700,0,trip_load_652_a_h_30
1672571760,0,trip_load_652_a_h_30
1672571820,0,trip_load_652_a_h_30
1672571880,0,trip_load_652_a_h_30
1672571940,0,trip_load_652_a_h_30
1672572000,0,trip_load_652_a_h_30
1672572060,0,trip_load_652_a_h_30
1672572120,0,trip_load_652_a_h_30
1672572180,0,trip_load_652_a_h_30
1672572240,0,trip_load_652_a_h_30
1672572300,0,trip_load_652_a_h_30
1672572360,0,trip_load_652_a_h_30
1672572420,0,trip_load_652_a_h_30
1672572480,0,trip_load_652_a_h_30
1672572540,0,trip_load_652_a_h_30
1672572600,0,trip_load_652_a_h_30
1672572660,0,trip_load_652_a_h_30
1672572720,0,trip_load_652_a_h_30
1672572780,0,trip_load_652_a_h_30
1672572840,0,trip_load_652_a_h_30
1672572900,0,trip_load_652_a_h_30
1672572960,0,trip_load_652_a_h_30
1672573020,0,trip_load_652_a_h_30
1672573080,0,trip_load_652_a_h_30
1672573140,0,trip_load_652_a_h_30
1672573200,0,trip_load_652_a_h_30
1672573260,0,trip_load_652_a_h_30
1672573320,0,trip_load_652_a_h_30
1672573380,0,trip_load_652_a_h_30
1672573440,0,trip_load_652_a_h_30
1672573500,0,trip_load_652_a_h_30
1672573560,0,trip_load_652_a_h_30
1672573620,0,trip_load_652_a_h_30
1672573680,0,trip_load_652_a_h_30
1672573740,0,trip_load_652_a_h_30
1672573800,0,trip_load_652_a_h_30
1672573860,0,trip_load_652_a_h_30
1672573920,0,trip_load_652_a_h_30
1672573980,0,trip_load_652_a_h_30
1672574040,0,trip_load_652_a_h_30
1672574100,0,trip_load_652_a_h_30
1672574160,0,trip_load_652_a_h_30
1672574220,0,trip_load_652_a_h_30
1672574280,0,trip_load_652_a_h_30
1672574340,0,trip_load_652_a_h_30
1672574400,0,trip_load_652_a_h_30
1672574460,0,trip_load_652_a_h_30
1672574520,4528,trip_load_652_a_h_30
1672574580,4528,trip_load_652_a_h_30
1672574640,4528,trip_load_652_a_h_30
1672574700,4528,trip_load_652_a_h_30
1672574760,4528,trip_load_652_a_h_30
1672574820,4527,trip_load_652_a_h_30
1672574880,4527,trip_load_652_a_h_30
1672574940,4528,trip_load_652_a_h_30
1672575000,4527,trip_load_652_a_h_30
1672575060,4528,trip_load_652_a_h_30
1672575120,4527,trip_load_652_a_h_30
1672575180,4527,trip_load_652_a_h_30
1672575240,4528,trip_load_652_a_h_30
1672575300,4527,trip_load_652_a_h_30
1672575360,4527,trip_load_652_a_h_30
1672575420,4527,trip_load_652_a_h_30
1672575480,4528,trip_load_652_a_h_30
1672575540,4528,trip_load_652_a_h_30
1672575600,4527,trip_load_652_a_h_30
1672575660,4527,trip_load_652_a_h_30
1672575720,4523,trip_load_652_a_h_30
1672575780,4523,trip_load_652_a_h_30
1672575840,4522,trip_load_652_a_h_30
1672575900,4525,trip_load_652_a_h_30
1672575960,4526,trip_load_652_a_h_30
1672576020,4533,trip_load_652_a_h_30
1672576080,4533,trip_load_652_a_h_30
1672576140,4530,trip_load_652_a_h_30
1672576200,4530,trip_load_652_a_h_30
1672576260,4526,trip_load_652_a_h_30
1672576320,4529,trip_load_652_a_h_30
1672576380,4529,trip_load_652_a_h_30
1672576440,4530,trip_load_652_a_h_30
1672576500,4530,trip_load_652_a_h_30
1672576560,4527,trip_load_652_a_h_30
1672576620,4527,trip_load_652_a_h_30
1672576680,4527,trip_load_652_a_h_30
1672576740,4527,trip_load_652_a_h_30
1672576800,4524,trip_load_652_a_h_30
1672576860,4525,trip_load_652_a_h_30
1672576920,4530,trip_load_652_a_h_30
1672576980,4530,trip_load_652_a_h_30
1672577040,4530,trip_load_652_a_h_30
1672577100,4531,trip_load_652_a_h_30
1672577160,4531,trip_load_652_a_h_30
1672577220,4534,trip_load_652_a_h_30
1672577280,4534,trip_load_652_a_h_30
1672577340,0,trip_load_652_a_h_30
1672577400,0,trip_load_652_a_h_30
1672577460,0,trip_load_652_a_h_30
1672577520,0,trip_load_652_a_h_30
1672577580,0,trip_load_652_a_h_30
1672577640,0,trip_load_652_a_h_30
1672577700,0,trip_load_652_a_h_30
1672577760,0,trip_load_652_a_h_30
1672577820,0,trip_load_652_a_h_30
1672577880,0,trip_load_652_a_h_30
1672577940,0,trip_load_652_a_h_30
1672578000,0,trip_load_652_a_h_30
1672578060,0,trip_load_652_a_h_30
1672578120,0,trip_load_652_a_h_30
1672578180,0,trip_load_652_a_h_30
1672578240,0,trip_load_652_a_h_30
1672578300,0,trip_load_652_a_h_30
1672578360,0,trip_load_652_a_h_30
1672578420,0,trip_load_652_a_h_30
1672578480,0,trip_load_652_a_h_30
1672578540,0,trip_load_652_a_h_30
1672578600,0,trip_load_652_a_h_30
1672578660,0,trip_load_652_a_h_30
1672578720,0,trip_load_652_a_h_30
1672578780,0,trip_load_652_a_h_30
1672578840,0,trip_load_652_a_h_30
1672578900,0,trip_load_652_a_h_30
1672578960,0,trip_load_652_a_h_30
1672579020,0,trip_load_652_a_h_30
1672579080,0,trip_load_652_a_h_30
1672579140,0,trip_load_652_a_h_30
1672579200,0,trip_load_652_a_h_30
1672579260,0,trip_load_652_a_h_30
1672579320,0,trip_load_652_a_h_30
1672579380,0,trip_load_652_a_h_30
1672579440,0,trip_load_652_a_h_30
1672579500,0,trip_load_652_a_h_30
1672579560,0,trip_load_652_a_h_30
1672579620,0,trip_load_652_a_h_30
1672579680,0,trip_load_652_a_h_30
1672579740,0,trip_load_652_a_h_30
1672579800,0,trip_load_652_a_h_30
1672579860,0,trip_load_652_a_h_30
1672579920,0,trip_load_652_a_h_30
1672579980,0,trip_load_652_a_h_30
1672580040,0,trip_load_652_a_h_30
1672580100,0,trip_load_652_a_h_30
1672580160,0,trip_load_652_a_h_30
1672580220,0,trip_load_652_a_h_30
1672580280,0,trip_load_652_a_h_30
1672580340,0,trip_load_652_a_h_30
1672580400,0,trip_load_652_a_h_30
1672580460,0,trip_load_652_a_h_30
1672580520,0,trip_load_652_a_h_30
1672580580,0,trip_load_652_a_h_30
1672580640,0,trip_load_652_a_h_30
1672580700,0,trip_load_652_a_h_30
1672580760,0,trip_load_652_a_h_30
1672580820,0,trip_load_652_a_h_30
1672580880,0,trip_load_652_a_h_30
1672580940,0,trip_load_652_a_h_30
1672581000,0,trip_load_652_a_h_30
1672581060,0,trip_load_652_a_h_30
1672581120,0,trip_load_652_a_h_30
1672581180,0,trip_load_652_a_h_30
1672581240,0,trip_load_652_a_h_30
1672581300,0,trip_load_652_a_h_30
1672581360,0,trip_load_652_a_h_30
1672581420,0,trip_load_652_a_h_30
1672581480,0,trip_load_652_a_h_30
1672581540,0,trip_load_652_a_h_30
1672581600,0,trip_load_652_a_h_30
1672581660,0,trip_load_652_a_h_30
1672581720,0,trip_load_652_a_h_30
1672581780,0,trip_load_652_a_h_30
1672581840,0,trip_load_652_a_h_30
1672581900,0,trip_load_652_a_h_30
1672581960,0,trip_load_652_a_h_30
1672582020,0,trip_load_652_a_h_30
1672582080,0,trip_load_652_a_h_30
1672582140,0,trip_load_652_a_h_30
1672582200,0,trip_load_652_a_h_30
1672582260,0,trip_load_652_a_h_30
1672582320,0,trip_load_652_a_h_30
1672582380,0,trip_load_652_a_h_30
1672582440,0,trip_load_652_a_h_30
1672582500,0,trip_load_652_a_h_30
1672582560,0,trip_load_652_a_h_30
1672582620,0,trip_load_652_a_h_30
1672582680,0,trip_load_652_a_h_30
1672582740,0,trip_load_652_a_h_30
1672582800,0,trip_load_652_a_h_30
1672582860,0,trip_load_652_a_h_30
1672582920,0,trip_load_652_a_h_30
1672582980,0,trip_load_652_a_h_30
1672583040,0,trip_load_652_a_h_30
1672583100,0,trip_load_652_a_h_30
1672583160,0,trip_load_652_a_h_30
1672583220,0,trip_load_652_a_h_30
1672583280,0,trip_load_652_a_h_30
1672583340,0,trip_load_652_a_h_30
1672583400,0,trip_load_652_a_h_30
1672583460,0,trip_load_652_a_h_30
1672583520,0,trip_load_652_a_h_30
1672583580,0,trip_load_652_a_h_30
1672583640,0,trip_load_652_a_h_30
1672583700,0,trip_load_652_a_h_30
1672583760,0,trip_load_652_a_h_30
1672583820,0,trip_load_652_a_h_30
1672583880,0,trip_load_652_a_h_30
1672583940,0,trip_load_652_a_h_30
1672584000,0,trip_load_652_a_h_30
1672584060,0,trip_load_652_a_h_30
1672584120,0,trip_load_652_a_h_30
1672584180,0,trip_load_652_a_h_30
1672584240,0,trip_load_652_a_h_30
1672584300,0,trip_load_652_a_h_30
1672584360,0,trip_load_652_a_h_30
1672584420,0,trip_load_652_a_h_30
1672584480,0,trip_load_652_a_h_30
1672584540,0,trip_load_652_a_h_30
1672584600,0,trip_load_652_a_h_30
1672584660,0,trip_load_652_a_h_30
1672584720,0,trip_load_652_a_h_30
1672584780,0,trip_load_652_a_h_30
1672584840,0,trip_load_652_a_h_30
1672584900,0,trip_load_652_a_h_30
1672584960,0,trip_load_652_a_h_30
1672585020,0,trip_load_652_a_h_30
1672585080,0,trip_load_652_a_h_30
1672585140,0,trip_load_652_a_h_30
1672585200,0,trip_load_652_a_h_30
1672585260,0,trip_load_652_a_h_30
1672585320,0,trip_load_652_a_h_30
1672585380,4527,trip_load_652_a_h_30
1672585440,4528,trip_load_652_a_h_30
1672585500,4528,trip_load_652_a_h_30
1672585560,4529,trip_load_652_a_h_30
1672585620,4526,trip_load_652_a_h_30
1672585680,4526,trip_load_652_a_h_30
1672585740,0,trip_load_652_a_h_30
1672585800,0,trip_load_652_a_h_30
1672585860,0,trip_load_652_a_h_30
1672585920,0,trip_load_652_a_h_30
1672585980,0,trip_load_652_a_h_30
1672586040,0,trip_load_652_a_h_30
1672586100,0,trip_load_652_a_h_30
1672586160,0,trip_load_652_a_h_30
1672586220,0,trip_load_652_a_h_30
1672586280,4518,trip_load_652_a_h_30
1672586340,4521,trip_load_652_a_h_30
1672586400,4522,trip_load_652_a_h_30
1672586460,4526,trip_load_652_a_h_30
1672586520,4530,trip_load_652_a_h_30
1672586580,0,trip_load_652_a_h_30
1672586640,0,trip_load_652_a_h_30
1672586700,0,trip_load_652_a_h_30
1672586760,0,trip_load_652_a_h_30
1672586820,0,trip_load_652_a_h_30
1672586880,0,trip_load_652_a_h_30
1672586940,0,trip_load_652_a_h_30
1672587000,4528,trip_load_652_a_h_30
1672587060,4529,trip_load_652_a_h_30
1672587120,4528,trip_load_652_a_h_30
1672587180,4528,trip_load_652_a_h_30
1672587240,4528,trip_load_652_a_h_30
1672587300,4528,trip_load_652_a_h_30
1672587360,4528,trip_load_652_a_h_30
1672587420,0,trip_load_652_a_h_30
1672587480,0,trip_load_652_a_h_30
1672587540,0,trip_load_652_a_h_30
1672587600,0,trip_load_652_a_h_30
1672587660,0,trip_load_652_a_h_30
1672587720,0,trip_load_652_a_h_30
1672587780,0,trip_load_652_a_h_30
1672587840,0,trip_load_652_a_h_30
1672587900,0,trip_load_652_a_h_30
1672587960,0,trip_load_652_a_h_30
1672588020,0,trip_load_652_a_h_30
1672588080,0,trip_load_652_a_h_30
1672588140,0,trip_load_652_a_h_30
1672588200,0,trip_load_652_a_h_30
1672588260,0,trip_load_652_a_h_30
1672588320,0,trip_load_652_a_h_30
1672588380,0,trip_load_652_a_h_30
1672588440,0,trip_load_652_a_h_30
1672588500,0,trip_load_652_a_h_30
1672588560,0,trip_load_652_a_h_30
1672588620,0,trip_load_652_a_h_30
1672588680,0,trip_load_652_a_h_30
1672588740,0,trip_load_652_a_h_30
1672588800,0,trip_load_652_a_h_30
1672588860,0,trip_load_652_a_h_30
1672588920,0,trip_load_652_a_h_30
1672588980,0,trip_load_652_a_h_30
1672589040,0,trip_load_652_a_h_30
1672589100,0,trip_load_652_a_h_30
1672589160,0,trip_load_652_a_h_30
1672589220,0,trip_load_652_a_h_30
1672589280,0,trip_load_652_a_h_30
1672589340,0,trip_load_652_a_h_30
1672589400,0,trip_load_652_a_h_30
1672589460,0,trip_load_652_a_h_30
1672589520,0,trip_load_652_a_h_30
1672589580,0,trip_load_652_a_h_30
1672589640,0,trip_load_652_a_h_30
1672589700,0,trip_load_652_a_h_30
1672589760,0,trip_load_652_a_h_30
1672589820,0,trip_load_652_a_h_30
1672589880,0,trip_load_652_a_h_30
1672589940,0,trip_load_652_a_h_30
1672590000,0,trip_load_652_a_h_30
1672590060,0,trip_load_652_a_h_30
1672590120,0,trip_load_652_a_h_30
1672590180,0,trip_load_652_a_h_30
1672590240,0,trip_load_652_a_h_30
1672590300,0,trip_load_652_a_h_30
1672590360,0,trip_load_652_a_h_30
1672590420,0,trip_load_652_a_h_30
1672590480,0,trip_load_652_a_h_30
1672590540,0,trip_load_652_a_h_30
1672590600,0,trip_load_652_a_h_30
1672590660,0,trip_load_652_a_h_30
1672590720,0,trip_load_652_a_h_30
1672590780,0,trip_load_652_a_h_30
1672590840,0,trip_load_652_a_h_30
1672590900,0,trip_load_652_a_h_30
1672590960,0,trip_load_652_a_h_30
1672591020,0,trip_load_652_a_h_30
1672591080,0,trip_load_652_a_h_30
1672591140,0,trip_load_652_a_h_30
1672591200,4529,trip_load_652_a_h_30
1672591260,4530,trip_load_652_a_h_30
1672591320,4530,trip_load_652_a_h_30
1672591380,4530,trip_load_652_a_h_30
1672591440,4530,trip_load_652_a_h_30
1672591500,0,trip_load_652_a_h_30
1672591560,0,trip_load_652_a_h_30
1672591620,0,trip_load_652_a_h_30
1672591680,0,trip_load_652_a_h_30
1672591740,0,trip_load_652_a_h_30
1672591800,0,trip_load_652_a_h_30
1672591860,0,trip_load_652_a_h_30
1672591920,0,trip_load_652_a_h_30
1672591980,0,trip_load_652_a_h_30
1672592040,0,trip_load_652_a_h_30
1672592100,0,trip_load_652_a_h_30
1672592160,0,trip_load_652_a_h_30
1672592220,0,trip_load_652_a_h_30
1672592280,0,trip_load_652_a_h_30
1672592340,0,trip_load_652_a_h_30
1672592400,0,trip_load_652_a_h_30
1672592460,0,trip_load_652_a_h_30
1672592520,0,trip_load_652_a_h_30
1672592580,0,trip_load_652_a_h_30
1672592640,0,trip_load_652_a_h_30
1672592700,0,trip_load_652_a_h_30
1672592760,0,trip_load_652_a_h_30
1672592820,0,trip_load_652_a_h_30
1672592880,0,trip_load_652_a_h_30
1672592940,0,trip_load_652_a_h_30
1672593000,0,trip_load_652_a_h_30
1672593060,0,trip_load_652_a_h_30
1672593120,0,trip_load_652_a_h_30
1672593180,0,trip_load_652_a_h_30
1672593240,0,trip_load_652_a_h_30
1672593300,0,trip_load_652_a_h_30
1672593360,0,trip_load_652_a_h_30
1672593420,0,trip_load_652_a_h_30
1672593480,0,trip_load_652_a_h_30
1672593540,0,trip_load_652_a_h_30
1672593600,0,trip_load_652_a_h_30
1672593660,0,trip_load_652_a_h_30
1672593720,0,trip_load_652_a_h_30
1672593780,0,trip_load_652_a_h_30
1672593840,0,trip_load_652_a_h_30
1672593900,0,trip_load_652_a_h_30
1672593960,0,trip_load_652_a_h_30
1672594020,0,trip_load_652_a_h_30
1672594080,0,trip_load_652_a_h_30
1672594140,0,trip_load_652_a_h_30
1672594200,0,trip_load_652_a_h_30
1672594260,0,trip_load_652_a_h_30
1672594320,0,trip_load_652_a_h_30
1672594380,0,trip_load_652_a_h_30
1672594440,0,trip_load_652_a_h_30
1672594500,0,trip_load_652_a_h_30
1672594560,0,trip_load_652_a_h_30
1672594620,0,trip_load_652_a_h_30
1672594680,0,trip_load_652_a_h_30
1672594740,0,trip_load_652_a_h_30
1672594800,0,trip_load_652_a_h_30
1672594860,0,trip_load_652_a_h_30
1672594920,0,trip_load_652_a_h_30
1672594980,0,trip_load_652_a_h_30
1672595040,0,trip_load_652_a_h_30
1672595100,0,trip_load_652_a_h_30
1672595160,0,trip_load_652_a_h_30
1672595220,0,trip_load_652_a_h_30
1672595280,0,trip_load_652_a_h_30
1672595340,0,trip_load_652_a_h_30
1672595400,0,trip_load_652_a_h_30
1672595460,0,trip_load_652_a_h_30
1672595520,0,trip_load_652_a_h_30
1672595580,0,trip_load_652_a_h_30
1672595640,0,trip_load_652_a_h_30
1672595700,0,trip_load_652_a_h_30
1672595760,0,trip_load_652_a_h_30
1672595820,0,trip_load_652_a_h_30
1672595880,0,trip_load_652_a_h_30
1672595940,0,trip_load_652_a_h_30
1672596000,0,trip_load_652_a_h_30
1672596060,0,trip_load_652_a_h_30
1672596120,0,trip_load_652_a_h_30
1672596180,0,trip_load_652_a_h_30
1672596240,0,trip_load_652_a_h_30
1672596300,0,trip_load_652_a_h_30
1672596360,0,trip_load_652_a_h_30
1672596420,0,trip_load_652_a_h_30
1672596480,0,trip_load_652_a_h_30
1672596540,0,trip_load_652_a_h_30
1672596600,0,trip_load_652_a_h_30
1672596660,0,trip_load_652_a_h_30
1672596720,0,trip_load_652_a_h_30
1672596780,0,trip_load_652_a_h_30
1672596840,0,trip_load_652_a_h_30
1672596900,0,trip_load_652_a_h_30
1672596960,0,trip_load_652_a_h_30
1672597020,0,trip_load_652_a_h_30
1672597080,0,trip_load_652_a_h_30
1672597140,0,trip_load_652_a_h_30
1672597200,0,trip_load_652_a_h_30
1672597260,0,trip_load_652_a_h_30
1672597320,4522,trip_load_652_a_h_30
1672597380,4525,trip_load_652_a_h_30
1672597440,4524,trip_load_652_a_h_30
1672597500,4527,trip_load_652_a_h_30
1672597560,4526,trip_load_652_a_h_30
1672597620,4527,trip_load_652_a_h_30
1672597680,4521,trip_load_652_a_h_30
1672597740,0,trip_load_652_a_h_30
1672597800,0,trip_load_652_a_h_30
1672597860,0,trip_load_652_a_h_30
1672597920,0,trip_load_652_a_h_30
1672597980,0,trip_load_652_a_h_30
1672598040,0,trip_load_652_a_h_30
1672598100,0,trip_load_652_a_h_30
1672598160,0,trip_load_652_a_h_30
1672598220,0,trip_load_652_a_h_30
1672598280,0,trip_load_652_a_h_30
1672598340,0,trip_load_652_a_h_30
1672598400,0,trip_load_652_a_h_30
1672598460,0,trip_load_652_a_h_30
1672598520,0,trip_load_652_a_h_30
1672598580,0,trip_load_652_a_h_30
1672598640,0,trip_load_652_a_h_30
1672598700,0,trip_load_652_a_h_30
1672598760,0,trip_load_652_a_h_30
1672598820,0,trip_load_652_a_h_30
1672598880,0,trip_load_652_a_h_30
1672598940,0,trip_load_652_a_h_30
1672599000,0,trip_load_652_a_h_30
1672599060,0,trip_load_652_a_h_30
1672599120,0,trip_load_652_a_h_30
1672599180,4533,trip_load_652_a_h_30
1672599240,4533,trip_load_652_a_h_30
1672599300,4534,trip_load_652_a_h_30
1672599360,4533,trip_load_652_a_h_30
1672599420,4533,trip_load_652_a_h_30
1672599480,4532,trip_load_652_a_h_30
1672599540,4533,trip_load_652_a_h_30
1672599600,4532,trip_load_652_a_h_30
1672599660,4531,trip_load_652_a_h_30
1672599720,0,trip_load_652_a_h_30
1672599780,0,trip_load_652_a_h_30
1672599840,0,trip_load_652_a_h_30
1672599900,0,trip_load_652_a_h_30
1672599960,0,trip_load_652_a_h_30
1672600020,0,trip_load_652_a_h_30
1672600080,0,trip_load_652_a_h_30
1672600140,0,trip_load_652_a_h_30
1672600200,0,trip_load_652_a_h_30
1672600260,0,trip_load_652_a_h_30
1672600320,0,trip_load_652_a_h_30
1672600380,0,trip_load_652_a_h_30
1672600440,0,trip_load_652_a_h_30
1672600500,0,trip_load_652_a_h_30
1672600560,0,trip_load_652_a_h_30
1672600620,0,trip_load_652_a_h_30
1672600680,0,trip_load_652_a_h_30
1672600740,0,trip_load_652_a_h_30
1672600800,0,trip_load_652_a_h_30
1672600860,0,trip_load_652_a_h_30
1672600920,0,trip_load_652_a_h_30
1672600980,0,trip_load_652_a_h_30
1672601040,0,trip_load_652_a_h_30
1672601100,0,trip_load_652_a_h_30
1672601160,0,trip_load_652_a_h_30
1672601220,0,trip_load_652_a_h_30
1672601280,0,trip_load_652_a_h_30
1672601340,0,trip_load_652_a_h_30
1672601400,0,trip_load_652_a_h_30
1672601460,0,trip_load_652_a_h_30
1672601520,0,trip_load_652_a_h_30
1672601580,0,trip_load_652_a_h_30
1672601640,0,trip_load_652_a_h_30
1672601700,0,trip_load_652_a_h_30
1672601760,0,trip_load_652_a_h_30
1672601820,0,trip_load_652_a_h_30
1672601880,0,trip_load_652_a_h_30
1672601940,4531,trip_load_652_a_h_30
1672602000,4531,trip_load_652_a_h_30
1672602060,4531,trip_load_652_a_h_30
1672602120,0,trip_load_652_a_h_30
1672602180,0,trip_load_652_a_h_30
1672602240,0,trip_load_652_a_h_30
1672602300,0,trip_load_652_a_h_30
1672602360,0,trip_load_652_a_h_30
1672602420,0,trip_load_652_a_h_30
1672602480,0,trip_load_652_a_h_30
1672602540,0,trip_load_652_a_h_30
1672602600,0,trip_load_652_a_h_30
1672602660,0,trip_load_652_a_h_30
1672602720,0,trip_load_652_a_h_30
1672602780,0,trip_load_652_a_h_30
1672602840,0,trip_load_652_a_h_30
1672602900,0,trip_load_652_a_h_30
1672602960,0,trip_load_652_a_h_30
1672603020,0,trip_load_652_a_h_30
1672603080,0,trip_load_652_a_h_30
1672603140,0,trip_load_652_a_h_30
1672603200,0,trip_load_652_a_h_30
1672603260,0,trip_load_652_a_h_30
1672603320,0,trip_load_652_a_h_30
1672603380,0,trip_load_652_a_h_30
1672603440,0,trip_load_652_a_h_30
1672603500,0,trip_load_652_a_h_30
1672603560,0,trip_load_652_a_h_30
1672603620,0,trip_load_652_a_h_30
1672603680,0,trip_load_652_a_h_30
1672603740,4532,trip_load_652_a_h_30
1672603800,4531,trip_load_652_a_h_30
1672603860,4531,trip_load_652_a_h_30
1672603920,4534,trip_load_652_a_h_30
1672603980,4533,trip_load_652_a_h_30
1672604040,4534,trip_load_652_a_h_30
1672604100,4534,trip_load_652_a_h_30
1672604160,4534,trip_load_652_a_h_30
1672604220,4534,trip_load_652_a_h_30
1672604280,4534,trip_load_652_a_h_30
1672604340,4534,trip_load_652_a_h_30
1672604400,4535,trip_load_652_a_h_30
1672604460,4531,trip_load_652_a_h_30
1672604520,4532,trip_load_652_a_h_30
1672604580,0,trip_load_652_a_h_30
1672604640,0,trip_load_652_a_h_30
1672604700,0,trip_load_652_a_h_30
1672604760,0,trip_load_652_a_h_30
1672604820,0,trip_load_652_a_h_30
1672604880,0,trip_load_652_a_h_30
1672604940,0,trip_load_652_a_h_30
1672605000,0,trip_load_652_a_h_30
1672605060,0,trip_load_652_a_h_30
1672605120,0,trip_load_652_a_h_30
1672605180,0,trip_load_652_a_h_30
1672605240,0,trip_load_652_a_h_30
1672605300,0,trip_load_652_a_h_30
1672605360,0,trip_load_652_a_h_30
1672605420,0,trip_load_652_a_h_30
1672605480,0,trip_load_652_a_h_30
1672605540,0,trip_load_652_a_h_30
1672605600,4526,trip_load_652_a_h_30
1672605660,4527,trip_load_652_a_h_30
1672605720,4527,trip_load_652_a_h_30
1672605780,0,trip_load_652_a_h_30
1672605840,0,trip_load_652_a_h_30
1672605900,0,trip_load_652_a_h_30
1672605960,0,trip_load_652_a_h_30
1672606020,0,trip_load_652_a_h_30
1672606080,0,trip_load_652_a_h_30
1672606140,0,trip_load_652_a_h_30
1672606200,0,trip_load_652_a_h_30
1672606260,0,trip_load_652_a_h_30
1672606320,0,trip_load_652_a_h_30
1672606380,0,trip_load_652_a_h_30
1672606440,0,trip_load_652_a_h_30
1672606500,0,trip_load_652_a_h_30
1672606560,0,trip_load_652_a_h_30
1672606620,0,trip_load_652_a_h_30
1672606680,0,trip_load_652_a_h_30
1672606740,0,trip_load_652_a_h_30
1672606800,0,trip_load_652_a_h_30
1672606860,0,trip_load_652_a_h_30
1672606920,0,trip_load_652_a_h_30
1672606980,0,trip_load_652_a_h_30
1672607040,0,trip_load_652_a_h_30
1672607100,0,trip_load_652_a_h_30
1672607160,0,trip_load_652_a_h_30
1672607220,0,trip_load_652_a_h_30
1672607280,0,trip_load_652_a_h_30
1672607340,0,trip_load_652_a_h_30
1672607400,0,trip_load_652_a_h_30
1672607460,0,trip_load_652_a_h_30
1672607520,0,trip_load_652_a_h_30
1672607580,0,trip_load_652_a_h_30
1672607640,4527,trip_load_652_a_h_30
1672607700,4531,trip_load_652_a_h_30
1672607760,4528,trip_load_652_a_h_30
1672607820,4528,trip_load_652_a_h_30
1672607880,4529,trip_load_652_a_h_30
1672607940,4533,trip_load_652_a_h_30
1672608000,4533,trip_load_652_a_h_30
1672608060,4533,trip_load_652_a_h_30
1672608120,4533,trip_load_652_a_h_30
1672608180,0,trip_load_652_a_h_30
1672608240,0,trip_load_652_a_h_30
1672608300,0,trip_load_652_a_h_30
1672608360,0,trip_load_652_a_h_30
1672608420,0,trip_load_652_a_h_30
1672608480,0,trip_load_652_a_h_30
1672608540,0,trip_load_652_a_h_30
1672608600,0,trip_load_652_a_h_30
1672608660,0,trip_load_652_a_h_30
1672608720,0,trip_load_652_a_h_30
1672608780,0,trip_load_652_a_h_30
1672608840,4535,trip_load_652_a_h_30
1672608900,4534,trip_load_652_a_h_30
1672608960,4533,trip_load_652_a_h_30
1672609020,4533,trip_load_652_a_h_30
1672609080,4533,trip_load_652_a_h_30
1672609140,0,trip_load_652_a_h_30
1672609200,0,trip_load_652_a_h_30
1672609260,0,trip_load_652_a_h_30
1672609320,0,trip_load_652_a_h_30
1672609380,0,trip_load_652_a_h_30
1672609440,0,trip_load_652_a_h_30
1672609500,0,trip_load_652_a_h_30
1672609560,0,trip_load_652_a_h_30
1672609620,0,trip_load_652_a_h_30
1672609680,0,trip_load_652_a_h_30
1672609740,0,trip_load_652_a_h_30
1672609800,0,trip_load_652_a_h_30
1672609860,0,trip_load_652_a_h_30
1672609920,0,trip_load_652_a_h_30
1672609980,0,trip_load_652_a_h_30
1672610040,0,trip_load_652_a_h_30
1672610100,0,trip_load_652_a_h_30
1672610160,0,trip_load_652_a_h_30
1672610220,0,trip_load_652_a_h_30
1672610280,4526,trip_load_652_a_h_30
1672610340,4529,trip_load_652_a_h_30
1672610400,4529,trip_load_652_a_h_30
1672610460,4520,trip_load_652_a_h_30
1672610520,4521,trip_load_652_a_h_30
1672610580,4523,trip_load_652_a_h_30
1672610640,4523,trip_load_652_a_h_30
1672610700,4526,trip_load_652_a_h_30
1672610760,4526,trip_load_652_a_h_30
1672610820,4525,trip_load_652_a_h_30
1672610880,4528,trip_load_652_a_h_30
1672610940,4529,trip_load_652_a_h_30
1672611000,4531,trip_load_652_a_h_30
1672611060,4530,trip_load_652_a_h_30
1672611120,4530,trip_load_652_a_h_30
1672611180,4530,trip_load_652_a_h_30
1672611240,4530,trip_load_652_a_h_30
1672611300,4530,trip_load_652_a_h_30
1672611360,4530,trip_load_652_a_h_30
1672611420,4530,trip_load_652_a_h_30
1672611480,0,trip_load_652_a_h_30
1672611540,0,trip_load_652_a_h_30
1672611600,0,trip_load_652_a_h_30
1672611660,0,trip_load_652_a_h_30
1672611720,0,trip_load_652_a_h_30
1672611780,0,trip_load_652_a_h_30
1672611840,0,trip_load_652_a_h_30
1672611900,0,trip_load_652_a_h_30
1672611960,0,trip_load_652_a_h_30
1672612020,0,trip_load_652_a_h_30
1672612080,0,trip_load_652_a_h_30
1672612140,0,trip_load_652_a_h_30
1672612200,0,trip_load_652_a_h_30
1672612260,0,trip_load_652_a_h_30
1672612320,0,trip_load_652_a_h_30
1672612380,0,trip_load_652_a_h_30
1672612440,0,trip_load_652_a_h_30
1672612500,0,trip_load_652_a_h_30
1672612560,0,trip_load_652_a_h_30
1672612620,0,trip_load_652_a_h_30
1672612680,0,trip_load_652_a_h_30
1672612740,0,trip_load_652_a_h_30
1672612800,0,trip_load_652_a_h_30
1672612860,0,trip_load_652_a_h_30
1672612920,0,trip_load_652_a_h_30
1672612980,0,trip_load_652_a_h_30
1672613040,0,trip_load_652_a_h_30
1672613100,0,trip_load_652_a_h_30
1672613160,0,trip_load_652_a_h_30
1672613220,0,trip_load_652_a_h_30
1672613280,0,trip_load_652_a_h_30
1672613340,4529,trip_load_652_a_h_30
1672613400,4529,trip_load_652_a_h_30
1672613460,4532,trip_load_652_a_h_30
1672613520,4532,trip_load_652_a_h_30
1672613580,0,trip_load_652_a_h_30
1672613640,0,trip_load_652_a_h_30
1672613700,0,trip_load_652_a_h_30
1672613760,0,trip_load_652_a_h_30
1672613820,0,trip_load_652_a_h_30
1672613880,0,trip_load_652_a_h_30
1672613940,0,trip_load_652_a_h_30
1672614000,0,trip_load_652_a_h_30
1672614060,0,trip_load_652_a_h_30
1672614120,0,trip_load_652_a_h_30
1672614180,0,trip_load_652_a_h_30
1672614240,0,trip_load_652_a_h_30
1672614300,0,trip_load_652_a_h_30
1672614360,0,trip_load_652_a_h_30
1672614420,0,trip_load_652_a_h_30
1672614480,0,trip_load_652_a_h_30
1672614540,0,trip_load_652_a_h_30
1672614600,0,trip_load_652_a_h_30
1672614660,0,trip_load_652_a_h_30
1672614720,0,trip_load_652_a_h_30
1672614780,0,trip_load_652_a_h_30
1672614840,0,trip_load_652_a_h_30
1672614900,0,trip_load_652_a_h_30
1672614960,0,trip_load_652_a_h_30
1672615020,0,trip_load_652_a_h_30
1672615080,0,trip_load_652_a_h_30
1672615140,0,trip_load_652_a_h_30
1672615200,0,trip_load_652_a_h_30
1672615260,0,trip_load_652_a_h_30
1672615320,0,trip_load_652_a_h_30
1672615380,0,trip_load_652_a_h_30
1672615440,0,trip_load_652_a_h_30
1672615500,0,trip_load_652_a_h_30
1672615560,0,trip_load_652_a_h_30
1672615620,0,trip_load_652_a_h_30
1672615680,4530,trip_load_652_a_h_30
1672615740,4529,trip_load_652_a_h_30
1672615800,4528,trip_load_652_a_h_30
1672615860,4528,trip_load_652_a_h_30
1672615920,4528,trip_load_652_a_h_30
1672615980,4526,trip_load_652_a_h_30
1672616040,4527,trip_load_652_a_h_30
1672616100,4526,trip_load_652_a_h_30
1672616160,4526,trip_load_652_a_h_30
1672616220,4526,trip_load_652_a_h_30
1672616280,4527,trip_load_652_a_h_30
1672616340,4527,trip_load_652_a_h_30
1672616400,4527,trip_load_652_a_h_30
1672616460,4527,trip_load_652_a_h_30
1672616520,4528,trip_load_652_a_h_30
1672616580,4528,trip_load_652_a_h_30
1672616640,4527,trip_load_652_a_h_30
1672616700,4527,trip_load_652_a_h_30
1672616760,4528,trip_load_652_a_h_30
1672616820,0,trip_load_652_a_h_30
1672616880,0,trip_load_652_a_h_30
1672616940,0,trip_load_652_a_h_30
1672617000,0,trip_load_652_a_h_30
1672617060,0,trip_load_652_a_h_30
1672617120,0,trip_load_652_a_h_30
1672617180,0,trip_load_652_a_h_30
1672617240,0,trip_load_652_a_h_30
1672617300,0,trip_load_652_a_h_30
1672617360,0,trip_load_652_a_h_30
1672617420,0,trip_load_652_a_h_30
1672617480,0,trip_load_652_a_h_30
